Yasso07 -- Posterior summary (physical space)
Run: 20260519_155317  |  Samples: 3228

Parameter            2.5%       25%       50%       75%     97.5%
-------------------------------------------------------------- 
p_AW               0.9879    0.9905    0.9923    0.9934    0.9952
p_AE               0.0000    0.0000    0.0000    0.0000    0.0000
p_AN               0.0003    0.0008    0.0015    0.0021    0.0031
p_WA               0.3162    0.4845    0.5721    0.6528    0.7422
p_WE               0.0000    0.0000    0.0000    0.0000    0.0001
p_WN               0.0044    0.0081    0.0137    0.0224    0.0582
p_EA               0.0027    0.0074    0.0104    0.0211    0.1533
p_EW               0.0007    0.0028    0.0057    0.0077    0.0134
p_EN               0.8363    0.9542    0.9715    0.9772    0.9885
p_NA               0.9053    0.9320    0.9458    0.9666    0.9800
p_NW               0.0012    0.0036    0.0097    0.0156    0.0341
p_NE               0.0079    0.0125    0.0168    0.0221    0.0457
beta1              0.0857    0.0987    0.1150    0.1246    0.1394
beta2             -0.0090   -0.0042   -0.0028   -0.0007    0.0011
gamma             -2.0999   -1.7596   -1.5725   -1.2761   -1.0012
delta1            -1.7546   -1.6518   -1.5550   -1.4957   -1.4076
delta2             0.7159    0.7922    0.8280    0.8615    0.9523
r                  0.2999    0.3060    0.3106    0.3150    0.3175
sigma_init         0.3789    0.4334    0.4706    0.5487    0.8965
sigma_input        1.0655    1.6569    2.0633    2.4745    3.0898
