Yasso20 -- Posterior summary (physical space)
Run: 20260504_135309  |  Samples: 32028

Parameter            2.5%       25%       50%       75%     97.5%
-------------------------------------------------------------- 
p_AW               0.8999    0.9652    0.9790    0.9871    0.9914
p_AE               0.0007    0.0017    0.0038    0.0095    0.0394
p_AN               0.0009    0.0020    0.0038    0.0070    0.0220
p_WA               0.1096    0.2325    0.3151    0.3847    0.5219
p_WE               0.0002    0.0005    0.0008    0.0015    0.0038
p_WN               0.0506    0.1095    0.1731    0.2368    0.4017
p_EA               0.0811    0.1503    0.2248    0.3163    0.4695
p_EW               0.0194    0.0594    0.0925    0.1470    0.3249
p_EN               0.3905    0.5209    0.6160    0.6971    0.8123
p_NA               0.3948    0.6656    0.7677    0.8382    0.9259
p_NW               0.0082    0.0221    0.0386    0.0664    0.2138
p_NE               0.0494    0.1168    0.1701    0.2334    0.3959
beta1             -0.1546   -0.0083    0.0664    0.1641    0.4115
beta2             -0.0835   -0.0335   -0.0190    0.0018    0.0382
gamma             -3.0266   -2.3319   -1.8328   -1.3374   -0.5179
betaN1            -0.2521    0.0055    0.1020    0.1772    0.3043
betaN2            -0.0435   -0.0068    0.0049    0.0147    0.0410
gammaN            -2.5296   -1.7237   -1.3504   -0.8750   -0.0633
betaH1            -0.3369   -0.0561    0.0738    0.1639    0.3883
betaH2            -0.0521   -0.0239    0.0021    0.0270    0.0576
gammaH           -13.5222  -12.6501  -12.2565  -11.7146  -10.8453
delta1            -1.4052   -0.4823    0.0717    0.5254    1.3918
delta2            -0.1600    0.6471    1.0711    1.6582    2.5170
r                 -0.5362   -0.1948    0.0193    0.2295    0.8500
sigma_init         0.0615    0.0974    0.1489    0.2275    0.3647
sigma_input        0.5683    0.8275    1.0221    1.2685    2.1295
