Yasso20 -- Posterior summary (physical space)
Run: 20260505_153030  |  Samples: 32028

Parameter            2.5%       25%       50%       75%     97.5%
-------------------------------------------------------------- 
p_AW               0.9753    0.9879    0.9894    0.9909    0.9936
p_AE               0.0003    0.0012    0.0018    0.0024    0.0058
p_AN               0.0005    0.0011    0.0013    0.0018    0.0040
p_WA               0.1755    0.2556    0.3947    0.5031    0.6890
p_WE               0.0001    0.0004    0.0006    0.0012    0.0036
p_WN               0.0654    0.1349    0.1817    0.2300    0.3446
p_EA               0.1143    0.2193    0.2812    0.3278    0.4967
p_EW               0.0261    0.0679    0.1165    0.1532    0.2660
p_EN               0.3716    0.5201    0.5765    0.6438    0.7841
p_NA               0.7690    0.8592    0.9003    0.9286    0.9579
p_NW               0.0057    0.0117    0.0186    0.0252    0.0578
p_NE               0.0297    0.0512    0.0739    0.1063    0.1934
beta1             -0.2548    0.0728    0.1468    0.2350    0.4429
beta2             -0.0506   -0.0135   -0.0038    0.0056    0.0327
gamma             -3.4219   -2.0485   -1.6864   -1.3228   -0.4869
betaN1            -0.0431    0.0230    0.0701    0.1052    0.1821
betaN2            -0.0273   -0.0057    0.0064    0.0404    0.0465
gammaN            -1.9272   -1.3559   -0.9233   -0.6593   -0.0983
betaH1            -0.2415   -0.0440    0.0028    0.1037    0.3068
betaH2            -0.0516   -0.0220    0.0061    0.0456    0.0535
gammaH           -14.6196  -13.4186  -12.8151  -12.2411  -10.4962
delta1            -1.2913   -0.7747   -0.5363   -0.0715    1.7533
delta2            -0.8428    0.5142    0.9608    1.3793    2.1171
r                 -0.2962   -0.0529    0.0772    0.5298    1.6395
sigma_init         0.0510    0.0795    0.0958    0.1248    0.1809
sigma_input        0.5300    0.7380    0.9007    1.1434    1.4851
