Yasso20 -- Posterior summary (physical space)
Run: 20260507_100220  |  Samples: 32028

Parameter            2.5%       25%       50%       75%     97.5%
-------------------------------------------------------------- 
p_AW               0.2536    0.9345    0.9907    0.9927    0.9951
p_AE               0.0000    0.0004    0.0015    0.0069    0.0270
p_AN               0.0001    0.0006    0.0016    0.0062    0.1446
p_WA               0.0260    0.1217    0.2380    0.3658    0.7375
p_WE               0.0000    0.0002    0.0005    0.0031    0.0191
p_WN               0.0102    0.0338    0.0996    0.1667    0.3593
p_EA               0.0232    0.0839    0.2551    0.4332    0.8492
p_EW               0.0303    0.0529    0.0966    0.3366    0.8755
p_EN               0.0789    0.1926    0.3970    0.5995    0.7131
p_NA               0.6172    0.8512    0.9259    0.9613    0.9896
p_NW               0.0004    0.0048    0.0122    0.0329    0.1586
p_NE               0.0028    0.0236    0.0490    0.1072    0.2378
beta1              0.0875    0.2570    0.3099    0.3718    0.4497
beta2             -0.0351   -0.0233   -0.0185   -0.0143   -0.0081
gamma             -5.0529   -3.5054   -2.8525   -2.1627   -1.1851
betaN1             0.0122    0.1398    0.2235    0.3974    0.6141
betaN2            -0.0179    0.0118    0.0260    0.0365    0.0491
gammaN            -2.5727   -2.2875   -2.0596   -1.0768   -0.0519
betaH1            -0.9844    0.0234    0.1164    0.2452    0.4724
betaH2            -0.0719   -0.0266   -0.0015    0.0055    0.0116
gammaH           -15.1133  -13.8247  -13.1791  -11.6355  -10.7761
delta1            -1.7061   -0.2463    0.4969    1.0238    2.2222
delta2            -2.9601   -1.4655   -0.8862   -0.3343    0.3435
r                 -0.6537   -0.0171    0.1096    0.6215    1.3098
sigma_init         0.0232    0.0568    0.2794    0.3610    0.4408
sigma_input        3.0698    6.5896    9.4625   13.0891   18.5387
