Yasso15 -- Posterior summary (physical space)
Run: 20260505_145801  |  Samples: 32028

Parameter            2.5%       25%       50%       75%     97.5%
-------------------------------------------------------------- 
p_AW               0.9059    0.9781    0.9886    0.9922    0.9943
p_AE               0.0004    0.0008    0.0018    0.0045    0.0318
p_AN               0.0001    0.0006    0.0015    0.0046    0.0212
p_WA               0.1210    0.2154    0.3041    0.3636    0.5276
p_WE               0.0002    0.0007    0.0012    0.0019    0.0049
p_WN               0.0295    0.0851    0.1237    0.1762    0.3087
p_EA               0.1315    0.2085    0.2697    0.3663    0.5661
p_EW               0.0314    0.0681    0.1098    0.1511    0.2590
p_EN               0.2869    0.4797    0.5576    0.6302    0.7285
p_NA               0.4718    0.7304    0.8143    0.8711    0.9243
p_NW               0.0070    0.0152    0.0287    0.0586    0.1687
p_NE               0.0413    0.0887    0.1427    0.1974    0.3620
beta1             -0.3062   -0.2328   -0.1346    0.0414    0.3303
beta2             -0.0655   -0.0431   -0.0049    0.0062    0.0398
gamma             -3.8891   -2.8778   -2.1830   -1.5426   -0.6286
betaN1            -0.2019    0.0005    0.0941    0.2674    0.4667
betaN2            -0.0172    0.0034    0.0203    0.0435    0.0510
gammaN            -3.9520   -2.5497   -1.8425   -1.4153   -0.2311
betaH1            -0.3801   -0.2847   -0.2127   -0.1668   -0.0219
betaH2            -0.0722   -0.0586   -0.0493    0.0027    0.0546
gammaH           -14.1532  -12.9436  -12.5552  -12.0369  -10.9840
delta1            -1.9124   -1.1205   -0.6507    0.0045    0.9995
delta2            -0.2058    1.1208    1.7318    2.1475    3.3743
r                 -0.5688   -0.1235   -0.0284    0.0644    0.4409
sigma_init         0.0595    0.0936    0.1249    0.1624    0.2558
sigma_input        0.5160    0.8177    0.9983    1.2817    2.2943
