Yasso15 -- Posterior summary (physical space)
Run: 20260507_094151  |  Samples: 32028

Parameter            2.5%       25%       50%       75%     97.5%
-------------------------------------------------------------- 
p_AW               0.8011    0.9757    0.9869    0.9927    0.9953
p_AE               0.0000    0.0002    0.0006    0.0032    0.0796
p_AN               0.0000    0.0006    0.0027    0.0060    0.0225
p_WA               0.0786    0.1910    0.2327    0.5121    0.7189
p_WE               0.0004    0.0011    0.0019    0.0050    0.0191
p_WN               0.0214    0.0419    0.0901    0.1521    0.2440
p_EA               0.0036    0.0297    0.0741    0.2332    0.4751
p_EW               0.0504    0.1226    0.2764    0.6533    0.8276
p_EN               0.0526    0.2749    0.4377    0.6933    0.8536
p_NA               0.5096    0.7339    0.8461    0.8961    0.9693
p_NW               0.0008    0.0066    0.0225    0.0582    0.1210
p_NE               0.0234    0.0625    0.0962    0.1559    0.3548
beta1              0.0002    0.0418    0.1003    0.1515    0.3256
beta2             -0.0199   -0.0092   -0.0034   -0.0004    0.0045
gamma             -5.7745   -3.7606   -2.1677   -1.5932   -0.4943
betaN1            -0.0714    0.0151    0.0484    0.0937    0.1992
betaN2             0.0063    0.0206    0.0336    0.0431    0.0583
gammaN            -1.9343   -0.9864   -0.4470   -0.1532   -0.0095
betaH1            -0.7089   -0.3913    0.0447    0.1231    0.4534
betaH2            -0.0355   -0.0201    0.0044    0.0099    0.0257
gammaH           -14.7517  -13.2074  -11.9335  -10.3364   -9.4973
delta1            -3.9655   -2.1387   -1.5628   -0.1498    1.4634
delta2            -3.2954   -1.1859   -0.7530    1.3449    4.1103
r                 -0.9111   -0.0442    0.0298    0.8710    1.5060
sigma_init         0.0381    0.0613    0.0894    0.1131    0.3166
sigma_input        1.8218    4.2291    5.9322    6.6160    8.4296
