Yasso15 -- Posterior summary (physical space)
Run: 20260504_115921  |  Samples: 32028

Parameter            2.5%       25%       50%       75%     97.5%
-------------------------------------------------------------- 
p_AW               0.8777    0.9627    0.9774    0.9853    0.9928
p_AE               0.0003    0.0021    0.0045    0.0094    0.0346
p_AN               0.0006    0.0025    0.0048    0.0099    0.0408
p_WA               0.1143    0.2183    0.2890    0.3657    0.5289
p_WE               0.0003    0.0007    0.0012    0.0020    0.0069
p_WN               0.0393    0.0934    0.1386    0.1957    0.3589
p_EA               0.0882    0.1667    0.2381    0.3049    0.5099
p_EW               0.0399    0.0939    0.1233    0.1789    0.3548
p_EN               0.2983    0.5062    0.5938    0.6637    0.7547
p_NA               0.4650    0.6815    0.7903    0.8761    0.9393
p_NW               0.0037    0.0172    0.0433    0.0840    0.2186
p_NE               0.0422    0.0854    0.1445    0.2219    0.3535
beta1             -0.3173   -0.2024   -0.1404    0.1142    0.4435
beta2             -0.0650   -0.0496   -0.0376   -0.0106    0.0239
gamma             -3.1644   -2.4345   -2.0241   -1.5928   -0.6382
betaN1            -0.4039   -0.1745   -0.0625    0.0775    0.2989
betaN2            -0.0426    0.0052    0.0198    0.0382    0.0597
gammaN            -3.2130   -1.8977   -1.3385   -0.7667   -0.2814
betaH1            -0.3840   -0.1932   -0.0620    0.1493    0.4356
betaH2            -0.0631   -0.0352    0.0195    0.0367    0.0589
gammaH           -14.9588  -13.7610  -12.9244  -11.9441  -10.6842
delta1            -1.9507   -1.0420   -0.5718   -0.1020    1.1062
delta2            -1.1071   -0.0506    0.6918    1.7452    3.2219
r                 -0.8061   -0.0999    0.0519    0.2086    0.8972
sigma_init         0.0685    0.1029    0.1270    0.1718    0.3337
sigma_input        0.6691    0.9850    1.3101    1.7638    2.7892
