Yasso15 -- Posterior summary (physical space)
Run: 20260519_160313  |  Samples: 7224

Parameter            2.5%       25%       50%       75%     97.5%
-------------------------------------------------------------- 
p_AW               0.9834    0.9898    0.9918    0.9932    0.9945
p_AE               0.0001    0.0005    0.0009    0.0015    0.0036
p_AN               0.0001    0.0003    0.0007    0.0017    0.0063
p_WA               0.2902    0.4420    0.5046    0.6678    0.7807
p_WE               0.0001    0.0004    0.0005    0.0007    0.0023
p_WN               0.0086    0.0218    0.0400    0.0650    0.1875
p_EA               0.0678    0.1412    0.2344    0.3192    0.4679
p_EW               0.0189    0.0375    0.0969    0.2061    0.6008
p_EN               0.2841    0.5266    0.6098    0.6571    0.7596
p_NA               0.6608    0.8379    0.8784    0.9275    0.9796
p_NW               0.0031    0.0090    0.0126    0.0211    0.0674
p_NE               0.0107    0.0539    0.1002    0.1298    0.2685
beta1              0.0790    0.0854    0.0879    0.0909    0.0996
beta2             -0.0006   -0.0003   -0.0002   -0.0002   -0.0001
gamma             -2.0066   -1.9010   -1.8509   -1.7953   -1.7267
betaN1             0.0445    0.0486    0.0533    0.0564    0.0641
betaN2            -0.0002   -0.0001   -0.0001   -0.0000    0.0000
gammaN            -1.4809   -1.3527   -1.2698   -1.1473   -1.0283
betaH1             0.0295    0.0332    0.0362    0.0389    0.0421
betaH2            -0.0005   -0.0003   -0.0001   -0.0000    0.0001
gammaH           -14.5051  -13.2001  -12.6404  -12.0284   -9.7800
delta1            -1.0809   -0.6389   -0.4046   -0.2375    0.2852
delta2             0.4739    0.9028    1.0639    1.2470    1.6224
r                  0.2236    0.2442    0.2531    0.2577    0.2640
sigma_init         0.4250    0.4964    0.5263    0.5574    0.8174
sigma_input        1.3159    1.7526    2.3105    2.7741    3.2570
