Yasso20 -- Posterior summary (physical space)
Run: 20260526_131225  |  Samples: 22530

Parameter            2.5%       25%       50%       75%     97.5%
-------------------------------------------------------------- 
p_AW               0.9837    0.9894    0.9919    0.9934    0.9951
p_AE               0.0000    0.0005    0.0009    0.0017    0.0048
p_AN               0.0001    0.0005    0.0009    0.0014    0.0047
p_WA               0.1801    0.3025    0.3852    0.4463    0.4949
p_WE               0.0001    0.0005    0.0007    0.0011    0.0031
p_WN               0.0260    0.0531    0.0785    0.1068    0.1900
p_EA               0.0503    0.1152    0.1728    0.2402    0.3761
p_EW               0.0159    0.0667    0.1249    0.2238    0.3292
p_EN               0.4672    0.5395    0.6157    0.7329    0.8843
p_NA               0.7393    0.8608    0.9116    0.9523    0.9763
p_NW               0.0007    0.0032    0.0101    0.0359    0.1319
p_NE               0.0146    0.0341    0.0621    0.0887    0.1492
beta1              0.1221    0.1450    0.1522    0.1606    0.1756
beta2             -0.0031   -0.0024   -0.0019   -0.0015   -0.0008
gamma             -1.6766   -1.5201   -1.4504   -1.3812   -1.2303
betaN1             0.1632    0.1706    0.1757    0.1866    0.2118
betaN2            -0.0056   -0.0051   -0.0049   -0.0046   -0.0041
gammaN            -2.0787   -2.0262   -2.0041   -1.9533   -1.9234
betaH1             0.0561    0.0634    0.0667    0.0710    0.0832
betaH2            -0.0002   -0.0001   -0.0000    0.0000    0.0002
gammaH           -10.5726   -8.8164   -7.9952   -7.2600   -5.5809
delta1            -3.3784   -2.9619   -2.7219   -2.5129   -2.1437
delta2             0.6394    1.0389    1.1792    1.3023    1.6051
r                  0.2133    0.2371    0.2455    0.2561    0.2665
sigma_init         0.4813    0.5233    0.5524    0.5844    0.6816
sigma_input        2.5676    3.4966    3.9569    4.3743    5.1970
