Yasso20 -- Posterior summary (physical space)
Run: 20260519_013217  |  Samples: 7224

Parameter            2.5%       25%       50%       75%     97.5%
-------------------------------------------------------------- 
p_AW               0.9751    0.9866    0.9923    0.9938    0.9950
p_WA               0.1396    0.2676    0.4665    0.6039    0.7400
p_WN               0.0080    0.0184    0.0491    0.1149    0.1581
p_EA               0.0979    0.2095    0.3096    0.3968    0.5889
p_EW               0.0149    0.0376    0.0610    0.0873    0.3457
p_NA               0.6082    0.8735    0.9336    0.9573    0.9818
beta1              0.1340    0.1513    0.1645    0.1709    0.1958
beta2             -0.0030   -0.0027   -0.0023   -0.0017   -0.0008
gamma             -1.6643   -1.5662   -1.5055   -1.4425   -1.3022
betaN1             0.1593    0.1680    0.1764    0.1831    0.2015
betaN2            -0.0056   -0.0053   -0.0051   -0.0049   -0.0044
gammaN            -2.0561   -2.0311   -2.0047   -1.9938   -1.9549
betaH1             0.0615    0.0652    0.0688    0.0747    0.0886
betaH2            -0.0002   -0.0001   -0.0001   -0.0001    0.0000
gammaH            -8.5797   -7.4689   -6.8897   -6.0420   -2.0468
delta1            -2.8629   -2.5632   -2.4074   -2.2702   -1.8250
delta2             0.9227    1.0938    1.2281    1.4404    1.7778
r                  0.2271    0.2441    0.2538    0.2622    0.2778
sigma_init         0.3667    0.4119    0.4359    0.4751    0.9914
sigma_input        2.0062    3.7277    4.4933    5.0350    6.3217
