Yasso07 -- Posterior summary (physical space)
Run: 20260505_142137  |  Samples: 32028

Parameter            2.5%       25%       50%       75%     97.5%
-------------------------------------------------------------- 
p_AW               0.6388    0.8387    0.8990    0.9423    0.9815
p_AE               0.0000    0.0001    0.0002    0.0005    0.0026
p_AN               0.0044    0.0166    0.0336    0.0621    0.1753
p_WA               0.1186    0.3351    0.4664    0.5974    0.8156
p_WE               0.0000    0.0000    0.0000    0.0001    0.0002
p_WN               0.0030    0.0142    0.0294    0.0552    0.1549
p_EA               0.0063    0.0202    0.0358    0.0627    0.1668
p_EW               0.0007    0.0028    0.0054    0.0104    0.0362
p_EN               0.8062    0.9142    0.9435    0.9614    0.9791
p_NA               0.5543    0.7798    0.8885    0.9486    0.9822
p_NW               0.0017    0.0066    0.0174    0.0369    0.1284
p_NE               0.0041    0.0156    0.0377    0.0790    0.1942
beta1              0.0554    0.1054    0.1407    0.1895    0.2854
beta2             -0.0041   -0.0001    0.0022    0.0040    0.0077
gamma             -2.1549   -1.1898   -0.7903   -0.4655   -0.1739
delta1            -2.9717   -1.9190   -1.3810   -0.8627    0.2177
delta2             0.4619    1.1409    1.5623    1.9421    2.9981
r                 -0.0067    0.3838    0.6959    1.0637    1.9809
sigma_init         0.0436    0.0812    0.1126    0.1624    0.3365
sigma_input        0.8263    1.6877    2.4927    3.5710    6.5001
