Yasso07 -- Posterior summary (physical space)
Run: 20260506_110657  |  Samples: 3228

Parameter            2.5%       25%       50%       75%     97.5%
-------------------------------------------------------------- 
p_AW               0.8683    0.9709    0.9816    0.9861    0.9907
p_AE               0.0000    0.0000    0.0000    0.0001    0.0003
p_AN               0.0016    0.0034    0.0051    0.0091    0.0604
p_WA               0.2257    0.3517    0.4344    0.5469    0.6789
p_WE               0.0000    0.0000    0.0000    0.0000    0.0001
p_WN               0.0074    0.0120    0.0159    0.0219    0.0781
p_EA               0.0069    0.0136    0.0184    0.0258    0.0836
p_EW               0.0005    0.0016    0.0025    0.0036    0.0093
p_EN               0.9023    0.9640    0.9710    0.9774    0.9840
p_NA               0.7410    0.9244    0.9554    0.9665    0.9788
p_NW               0.0014    0.0040    0.0065    0.0128    0.0275
p_NE               0.0030    0.0095    0.0156    0.0266    0.1675
beta1              0.0196    0.0681    0.1112    0.1538    0.2924
beta2             -0.0075    0.0007    0.0039    0.0074    0.0176
gamma             -2.8445   -1.4671   -1.0932   -0.6662   -0.1049
delta1            -2.8532   -1.9929   -1.6051   -1.3194   -0.7555
delta2             0.4183    0.8425    1.0919    1.4276    2.1722
r                 -1.2205   -0.9065   -0.7771   -0.5544    0.7064
sigma_init         0.0418    0.0938    0.1170    0.1558    0.3721
sigma_input        0.6341    1.0041    1.1826    1.4771    2.4991
