Yasso07 -- Posterior summary (physical space)
Run: 20260506_134253  |  Samples: 32028

Parameter            2.5%       25%       50%       75%     97.5%
-------------------------------------------------------------- 
p_AW               0.7864    0.9415    0.9688    0.9890    0.9949
p_AE               0.0000    0.0000    0.0000    0.0002    0.0008
p_AN               0.0005    0.0014    0.0027    0.0055    0.0247
p_WA               0.0496    0.3304    0.4482    0.5932    0.8741
p_WE               0.0000    0.0000    0.0000    0.0001    0.0006
p_WN               0.0007    0.0083    0.0200    0.0558    0.1599
p_EA               0.0003    0.0013    0.0060    0.0159    0.2601
p_EW               0.0001    0.0003    0.0012    0.0031    0.0148
p_EN               0.7331    0.9553    0.9815    0.9880    0.9925
p_NA               0.1899    0.6564    0.8170    0.9521    0.9901
p_NW               0.0007    0.0144    0.0324    0.0849    0.2167
p_NE               0.0005    0.0074    0.0381    0.1133    0.5472
beta1              0.3988    0.4623    0.4969    0.5346    0.5989
beta2             -0.0209   -0.0178   -0.0157   -0.0141   -0.0113
gamma             -5.2414   -4.0387   -3.1054   -2.3374   -1.1764
delta1            -4.4457   -2.0274   -0.7563    0.9236    3.7680
delta2            -0.1629    0.4305    1.1510    2.0570    3.2356
r                  0.6856    1.0423    1.3420    1.7722    2.8117
sigma_init         0.0402    0.1105    0.2873    0.3358    0.4350
sigma_input        7.2633   19.0981   24.4287   28.9241   36.8694
